B
 3432.0000
 2440.0000
 15125.0000
 444.0000
B
 3432.0000
 2456.0000
 15095.0000
 444.0000
B
 3432.0000
 2472.0000
 15065.0000
 444.0000
B
 3432.0000
 2488.0000
 15035.0000
 444.0000
B
 3432.0000
 2504.0000
 15005.0000
 444.0000
B
 3432.0000
 2520.0000
 14975.0000
 444.0000
B
 3432.0000
 2536.0000
 14945.0000
 444.0000
B
 3432.0000
 2552.0000
 14915.0000
 444.0000
B
 3432.0000
 2568.0000
 14885.0000
 444.0000
B
 3432.0000
 2584.0000
 14855.0000
 444.0000
B
 3432.0000
 2600.0000
 14825.0000
 444.0000
B
 3432.0000
 2616.0000
 14795.0000
 444.0000
B
 3432.0000
 2648.0000
 14735.0000
 444.0000
B
 3432.0000
 2632.0000
 14765.0000
 444.0000
B
 3432.0000
 2664.0000
 14705.0000
 444.0000
B
 3432.0000
 2680.0000
 14675.0000
 444.0000
B
 3432.0000
 2696.0000
 14645.0000
 444.0000
B
 3432.0000
 2712.0000
 14615.0000
 444.0000
B
 3432.0000
 2728.0000
 14585.0000
 444.0000
B
 3432.0000
 2744.0000
 14555.0000
 444.0000
B
 3448.0000
 2744.0000
 14555.0000
 416.0000
B
 3464.0000
 2744.0000
 14555.0000
 388.0000
B
 3480.0000
 2744.0000
 14555.0000
 360.0000
B
 3496.0000
 2744.0000
 14555.0000
 332.0000
B
 3512.0000
 2744.0000
 14555.0000
 304.0000
B
 3528.0000
 2744.0000
 14555.0000
 276.0000
B
 3544.0000
 2744.0000
 14555.0000
 248.0000
B
 3560.0000
 2744.0000
 14555.0000
 220.0000
B
 3576.0000
 2744.0000
 14555.0000
 192.0000
B
 3608.0000
 2744.0000
 14555.0000
 136.0000
B
 3592.0000
 2744.0000
 14555.0000
 164.0000
B
 3624.0000
 2744.0000
 14555.0000
 108.0000
B
 3656.0000
 2744.0000
 14555.0000
 52.0000
B
 3672.0000
 2744.0000
 14555.0000
 24.0000
B
 3640.0000
 2744.0000
 14555.0000
 80.0000
B
 3704.0000
 2744.0000
 14555.0000
 -32.0000
B
 3688.0000
 2744.0000
 14555.0000
 -4.0000
B
 3720.0000
 2744.0000
 14555.0000
 -60.0000
B
 3736.0000
 2744.0000
 14555.0000
 -88.0000
B
 3752.0000
 2744.0000
 14555.0000
 -116.0000
B
 3784.0000
 2744.0000
 14555.0000
 -172.0000
B
 3768.0000
 2744.0000
 14555.0000
 -144.0000
B
 3800.0000
 2744.0000
 14555.0000
 -200.0000
B
 3816.0000
 2744.0000
 14555.0000
 -228.0000
B
 3832.0000
 2744.0000
 14555.0000
 -256.0000
B
 3848.0000
 2744.0000
 14555.0000
 -284.0000
B
 3864.0000
 2744.0000
 14555.0000
 -312.0000
B
 3864.0000
 2680.0000
 14675.0000
 -312.0000
B
 3864.0000
 2664.0000
 14705.0000
 -312.0000
B
 3864.0000
 2648.0000
 14735.0000
 -312.0000
B
 3864.0000
 2632.0000
 14765.0000
 -312.0000
B
 3864.0000
 2616.0000
 14795.0000
 -312.0000
B
 3864.0000
 2600.0000
 14825.0000
 -312.0000
B
 3864.0000
 2584.0000
 14855.0000
 -312.0000
B
 3880.0000
 2680.0000
 14675.0000
 -340.0000
B
 3896.0000
 2680.0000
 14675.0000
 -368.0000
B
 3912.0000
 2680.0000
 14675.0000
 -396.0000
B
 3912.0000
 2664.0000
 14705.0000
 -396.0000
B
 3912.0000
 2648.0000
 14735.0000
 -396.0000
B
 3912.0000
 2632.0000
 14765.0000
 -396.0000
B
 3912.0000
 2616.0000
 14795.0000
 -396.0000
B
 3912.0000
 2600.0000
 14825.0000
 -396.0000
B
 3912.0000
 2584.0000
 14855.0000
 -396.0000
B
 3912.0000
 2568.0000
 14885.0000
 -396.0000
B
 3912.0000
 2552.0000
 14915.0000
 -396.0000
B
 3912.0000
 2536.0000
 14945.0000
 -396.0000
B
 3912.0000
 2520.0000
 14975.0000
 -396.0000
B
 3912.0000
 2504.0000
 15005.0000
 -396.0000
B
 3448.0000
 2440.0000
 15125.0000
 416.0000
B
 3464.0000
 2440.0000
 15125.0000
 388.0000
B
 3480.0000
 2440.0000
 15125.0000
 360.0000
B
 3544.0000
 2440.0000
 15125.0000
 248.0000
B
 3560.0000
 2440.0000
 15125.0000
 220.0000
B
 3576.0000
 2440.0000
 15125.0000
 192.0000
B
 3592.0000
 2440.0000
 15125.0000
 164.0000
B
 3608.0000
 2440.0000
 15125.0000
 136.0000
B
 3624.0000
 2440.0000
 15125.0000
 108.0000
B
 3640.0000
 2440.0000
 15125.0000
 80.0000
B
 3656.0000
 2440.0000
 15125.0000
 52.0000
B
 3672.0000
 2440.0000
 15125.0000
 24.0000
B
 3688.0000
 2440.0000
 15125.0000
 -4.0000
B
 3704.0000
 2440.0000
 15125.0000
 -32.0000
B
 3720.0000
 2440.0000
 15125.0000
 -60.0000
B
 3736.0000
 2440.0000
 15125.0000
 -88.0000
B
 3864.0000
 2568.0000
 14885.0000
 -312.0000
B
 3864.0000
 2552.0000
 14915.0000
 -312.0000
B
 3864.0000
 2536.0000
 14945.0000
 -312.0000
B
 3864.0000
 2520.0000
 14975.0000
 -312.0000
B
 3864.0000
 2504.0000
 15005.0000
 -312.0000
B
 3864.0000
 2488.0000
 15035.0000
 -312.0000
B
 3864.0000
 2472.0000
 15065.0000
 -312.0000
B
 3864.0000
 2456.0000
 15095.0000
 -312.0000
B
 3864.0000
 2440.0000
 15125.0000
 -312.0000
B
 3848.0000
 2440.0000
 15125.0000
 -284.0000
B
 3832.0000
 2440.0000
 15125.0000
 -256.0000
B
 3816.0000
 2440.0000
 15125.0000
 -228.0000
B
 3800.0000
 2440.0000
 15125.0000
 -200.0000
B
 3784.0000
 2440.0000
 15125.0000
 -172.0000
B
 3768.0000
 2440.0000
 15125.0000
 -144.0000
B
 3752.0000
 2440.0000
 15125.0000
 -116.0000
B
 3912.0000
 2488.0000
 15035.0000
 -396.0000
B
 3912.0000
 2472.0000
 15065.0000
 -396.0000
B
 3912.0000
 2456.0000
 15095.0000
 -396.0000
B
 3912.0000
 2440.0000
 15125.0000
 -396.0000
B
 3880.0000
 2744.0000
 14555.0000
 -340.0000
B
 3896.0000
 2744.0000
 14555.0000
 -368.0000
B
 3912.0000
 2744.0000
 14555.0000
 -396.0000
B
 3912.0000
 2760.0000
 14525.0000
 -396.0000
B
 3912.0000
 2776.0000
 14495.0000
 -396.0000
B
 3912.0000
 2792.0000
 14465.0000
 -396.0000
B
 3912.0000
 2808.0000
 14435.0000
 -396.0000
B
 3912.0000
 2824.0000
 14405.0000
 -396.0000
B
 3912.0000
 2840.0000
 14375.0000
 -396.0000
B
 3912.0000
 2856.0000
 14345.0000
 -396.0000
B
 3912.0000
 2872.0000
 14315.0000
 -396.0000
B
 3928.0000
 2872.0000
 14315.0000
 -424.0000
B
 3944.0000
 2872.0000
 14315.0000
 -452.0000
B
 3960.0000
 2872.0000
 14315.0000
 -480.0000
B
 3976.0000
 2872.0000
 14315.0000
 -508.0000
B
 3992.0000
 2872.0000
 14315.0000
 -536.0000
B
 4008.0000
 2872.0000
 14315.0000
 -564.0000
B
 4024.0000
 2872.0000
 14315.0000
 -592.0000
B
 4040.0000
 2872.0000
 14315.0000
 -620.0000
B
 4056.0000
 2872.0000
 14315.0000
 -648.0000
B
 4072.0000
 2872.0000
 14315.0000
 -676.0000
B
 4088.0000
 2872.0000
 14315.0000
 -704.0000
B
 4088.0000
 2856.0000
 14345.0000
 -704.0000
B
 4088.0000
 2840.0000
 14375.0000
 -704.0000
B
 4088.0000
 2824.0000
 14405.0000
 -704.0000
B
 4088.0000
 2808.0000
 14435.0000
 -704.0000
B
 4088.0000
 2792.0000
 14465.0000
 -704.0000
B
 4088.0000
 2776.0000
 14495.0000
 -704.0000
B
 4088.0000
 2760.0000
 14525.0000
 -704.0000
B
 4088.0000
 2744.0000
 14555.0000
 -704.0000
B
 4088.0000
 2728.0000
 14585.0000
 -704.0000
B
 4088.0000
 2712.0000
 14615.0000
 -704.0000
B
 4088.0000
 2696.0000
 14645.0000
 -704.0000
B
 4088.0000
 2664.0000
 14705.0000
 -704.0000
B
 4088.0000
 2680.0000
 14675.0000
 -704.0000
B
 4088.0000
 2648.0000
 14735.0000
 -704.0000
B
 4088.0000
 2632.0000
 14765.0000
 -704.0000
B
 4088.0000
 2616.0000
 14795.0000
 -704.0000
B
 4088.0000
 2600.0000
 14825.0000
 -704.0000
B
 4088.0000
 2584.0000
 14855.0000
 -704.0000
B
 4088.0000
 2568.0000
 14885.0000
 -704.0000
B
 4088.0000
 2552.0000
 14915.0000
 -704.0000
B
 4088.0000
 2536.0000
 14945.0000
 -704.0000
B
 4088.0000
 2520.0000
 14975.0000
 -704.0000
B
 4088.0000
 2504.0000
 15005.0000
 -704.0000
B
 4088.0000
 2488.0000
 15035.0000
 -704.0000
B
 4088.0000
 2456.0000
 15095.0000
 -704.0000
B
 4088.0000
 2472.0000
 15065.0000
 -704.0000
B
 4088.0000
 2440.0000
 15125.0000
 -704.0000
B
 4072.0000
 2440.0000
 15125.0000
 -676.0000
B
 4056.0000
 2440.0000
 15125.0000
 -648.0000
B
 4040.0000
 2440.0000
 15125.0000
 -620.0000
B
 4024.0000
 2440.0000
 15125.0000
 -592.0000
B
 4008.0000
 2440.0000
 15125.0000
 -564.0000
B
 3992.0000
 2440.0000
 15125.0000
 -536.0000
B
 3976.0000
 2440.0000
 15125.0000
 -508.0000
B
 3960.0000
 2440.0000
 15125.0000
 -480.0000
B
 3944.0000
 2440.0000
 15125.0000
 -452.0000
B
 3928.0000
 2440.0000
 15125.0000
 -424.0000
R
 4056.0000
 2456.0000
 15110.0000
 -648.0000
R
 4024.0000
 2456.0000
 15110.0000
 -592.0000
R
 3992.0000
 2456.0000
 15110.0000
 -536.0000
R
 3960.0000
 2456.0000
 15110.0000
 -480.0000
R
 3928.0000
 2456.0000
 15110.0000
 -424.0000
