Layer
B
 3560.0000
 2536.0000
 14945.0000
 220.0000
B
 3560.0000
 2552.0000
 14915.0000
 220.0000
B
 3560.0000
 2568.0000
 14885.0000
 220.0000
B
 3560.0000
 2584.0000
 14855.0000
 220.0000
B
 3576.0000
 2584.0000
 14855.0000
 192.0000
B
 3592.0000
 2584.0000
 14855.0000
 164.0000
B
 3592.0000
 2568.0000
 14885.0000
 164.0000
Layer
F
 3560.0000
 2504.0000
 15020.0000
 220.0000
F
 3560.0000
 2536.0000
 14960.0000
 220.0000
F
 3560.0000
 2568.0000
 14900.0000
 220.0000
F
 3592.0000
 2504.0000
 15020.0000
 164.0000
F
 3592.0000
 2536.0000
 14960.0000
 164.0000
F
 3592.0000
 2568.0000
 14900.0000
 164.0000
F
 3592.0000
 2600.0000
 14840.0000
 164.0000
Layer
B
 3560.0000
 2552.0000
 14915.0000
 220.0000
B
 3560.0000
 2536.0000
 14945.0000
 220.0000
B
 3560.0000
 2520.0000
 14975.0000
 220.0000
B
 3560.0000
 2504.0000
 15005.0000
 220.0000
B
 3576.0000
 2504.0000
 15005.0000
 192.0000
B
 3592.0000
 2504.0000
 15005.0000
 164.0000
B
 3608.0000
 2504.0000
 15005.0000
 136.0000
Layer
F
 3560.0000
 2504.0000
 15020.0000
 220.0000
F
 3592.0000
 2504.0000
 15020.0000
 164.0000
F
 3560.0000
 2536.0000
 14960.0000
 220.0000
F
 3592.0000
 2536.0000
 