B
 3496.0000
 2568.0000
 14885.0000
 332.0000
B
 3544.0000
 2584.0000
 14855.0000
 248.0000
B
 3592.0000
 2552.0000
 14915.0000
 164.0000
B
 3608.0000
 2488.0000
 15035.0000
 136.0000
B
 3688.0000
 2520.0000
 14975.0000
 -4.0000
B
 3688.0000
 2600.0000
 14825.0000
 -4.0000
B
 3592.0000
 2680.0000
 14675.0000
 164.0000
B
 3496.0000
 2696.0000
 14645.0000
 332.0000
B
 3400.0000
 2632.0000
 14765.0000
 500.0000
B
 3384.0000
 2488.0000
 15035.0000
 528.0000
B
 3432.0000
 2424.0000
 15155.0000
 444.0000
B
 3592.0000
 2408.0000
 15185.0000
 164.0000
B
 3704.0000
 2472.0000
 15065.0000
 -32.0000
B
 3768.0000
 2632.0000
 14765.0000
 -144.0000
B
 3672.0000
 2776.0000
 14495.0000
 24.0000
B
 3512.0000
 2808.0000
 14435.0000
 304.0000
B
 3352.0000
 2776.0000
 14495.0000
 584.0000
B
 3288.0000
 2664.0000
 14705.0000
 696.0000
B
 3320.0000
 2568.0000
 14885.0000
 640.0000
B
 3448.0000
 2504.0000
 15005.0000
 416.0000
B
 3544.0000
 2440.0000
 15125.0000
 248.0000
B
 3544.0000
 2424.0000
 15155.0000
 248.0000
