B
 3448.0000
 2424.0000
 15155.0000
 416.0000
B
 3496.0000
 2520.0000
 14975.0000
 332.0000
B
 3624.0000
 2504.0000
 15005.0000
 108.0000
B
 3560.0000
 2440.0000
 15125.0000
 220.0000
B
 3496.0000
 2488.0000
 15035.0000
 332.0000
B
 3576.0000
 2520.0000
 14975.0000
 192.0000
B
 3576.0000
 2568.0000
 14885.0000
 192.0000
B
 3496.0000
 2584.0000
 14855.0000
 332.0000
B
 3400.0000
 2552.0000
 14915.0000
 500.0000
B
 3384.0000
 2488.0000
 15035.0000
 528.0000
B
 3464.0000
 2472.0000
 15065.0000
 388.0000
B
 3448.0000
 2536.0000
 14945.0000
 416.0000
B
 3528.0000
 2552.0000
 14915.0000
 276.0000
B
 3544.0000
 2488.0000
 15035.0000
 248.0000
B
 3592.0000
 2488.0000
 15035.0000
 164.0000
B
 3496.0000
 2440.0000
 15125.0000
 332.0000
B
 3496.0000
 2408.0000
 15185.0000
 332.0000
B
 3544.0000
 2392.0000
 1