Layer
B
 270.0000
 3464.0000
 2664.0000
 14705.0000
 164.0000
B
 270.0000
 3480.0000
 2664.0000
 14705.0000
 388.0000
B
 270.0000
 3496.0000
 2664.0000
 14705.0000
 388.0000
B
 270.0000
 3512.0000
 2664.0000
 14705.0000
 388.0000
B
 270.0000
 3528.0000
 2664.0000
 14705.0000
 388.0000
B
 270.0000
 3544.0000
 2664.0000
 14705.0000
 388.0000
B
 270.0000
 3544.0000
 2680.0000
 14675.0000
 388.0000
B
 270.0000
 3544.0000
 2696.0000
 14645.0000
 388.0000
B
 270.0000
 3560.0000
 2696.0000
 14645.0000
 388.0000
B
 270.0000
 3576.0000
 2696.0000
 14645.0000
 388.0000
B
 270.0000
 3592.0000
 2696.0000
 14645.0000
 360.0000
B
 270.0000
 3608.0000
 2696.0000
 14645.0000
 332.0000
B
 270.0000
 3624.0000
 2696.0000
 14645.0000
 304.0000
B
 270.0000
 3624.0000
 2520.0000
 14975.0000
 276.0000
B
 270.0000
 3608.0000
 2520.0000
 14975.0000
 248.0000
B
 270.0000
 3592.0000
 2520.0000
 14975.0000
 248.0000
B
 270.0000
 3576.0000
 2520.0000
 14975.0000
 248.0000
B
 270.0000
 3560.0000
 2520.0000
 14975.0000
 220.0000
B
 270.0000
 3544.0000
 2520.0000
 14975.0000
 192.0000
B
 270.0000
 3528.0000
 2520.0000
 14975.0000
 164.0000
B
 270.0000
 3512.0000
 2520.0000
 14975.0000
 136.0000
B
 270.0000
 3496.0000
 2520.0000
 14975.0000
 108.0000
B
 270.0000
 3464.0000
 2520.0000
 14975.0000
 108.0000
B
 270.0000
 3480.0000
 2520.0000
 14975.0000
 108.0000
B
 270.0000
 3448.0000
 2520.0000
 14975.0000
 108.0000
B
 270.0000
 3432.0000
 2520.0000
 14975.0000
 108.0000
B
 270.0000
 3416.0000
 2520.0000
 14975.0000
 108.0000
B
 270.0000
 3400.0000
 2520.0000
 14975.0000
 108.0000
B
 270.0000
 3384.0000
 2520.0000
 14975.0000
 108.0000
B
 270.0000
 3368.0000
 2520.0000
 14975.0000
 108.0000
B
 270.0000
 3352.0000
 2520.0000
 14975.0000
 108.0000
B
 270.0000
 3336.0000
 2520.0000
 14975.0000
 108.0000
B
 270.0000
 3320.0000
 2520.0000
 14975.0000
 108.0000
B
 270.0000
 3304.0000
 2520.0000
 14975.0000
 136.0000
B
 270.0000
 3288.0000
 2520.0000
 14975.0000
 164.0000
B
 270.0000
 3272.0000
 2520.0000
 14975.0000
 276.0000
B
 270.0000
 3256.0000
 2520.0000
 14975.0000
 304.0000
B
 270.0000
 3192.0000
 2520.0000
 14975.0000
 332.0000
B
 270.0000
 3176.0000
 2520.0000
 14975.0000
 388.0000
B
 270.0000
 3160.0000
 2520.0000
 14975.0000
 360.0000
B
 270.0000
 3160.0000
 2536.0000
 14945.0000
 416.0000
B
 270.0000
 3160.0000
 2552.0000
 14915.0000
 444.0000
B
 270.0000
 3160.0000
 2568.0000
 14885.0000
 472.0000
B
 270.0000
 3160.0000
 2584.0000
 14855.0000
 500.0000
B
 270.0000
 3160.0000
 2600.0000
 14825.0000
 528.0000
B
 270.0000
 3160.0000
 2616.0000
 14795.0000
 556.0000
B
 270.0000
 3160.0000
 2648.0000
 14735.0000
 584.0000
B
 270.0000
 3160.0000
 2632.0000
 14765.0000
 612.0000
B
 270.0000
 3160.0000
 2664.0000
 14705.0000
 640.0000
B
 270.0000
 3160.0000
 2680.0000
 14675.0000
 668.0000
B
 270.0000
 3160.0000
 2696.0000
 14645.0000
 696.0000
B
 270.0000
 3160.0000
 2712.0000
 14615.0000
 724.0000
B
 270.0000
 3160.0000
 2728.0000
 14585.0000
 752.0000
B
 270.0000
 3160.0000
 2744.0000
 14555.0000
 780.0000
B
 270.0000
 3160.0000
 2760.0000
 14525.0000
 808.0000
B
 270.0000
 3160.0000
 2776.0000
 14495.0000
 836.0000
B
 270.0000
 3176.0000
 2776.0000
 14495.0000
 864.0000
B
 270.0000
 3208.0000
 2776.0000
 14495.0000
 892.0000
B
 270.0000
 3192.0000
 2776.0000
 14495.0000
 920.0000
B
 270.0000
 3224.0000
 2776.0000
 14495.0000
 920.0000
B
 270.0000
 3240.0000
 2776.0000
 14495.0000
 920.0000
B
 270.0000
 3256.0000
 2776.0000
 14495.0000
 920.0000
B
 270.0000
 3272.0000
 2776.0000
 14495.0000
 920.0000
B
 270.0000
 3288.0000
 2776.0000
 14495.0000
 920.0000
B
 270.0000
 3304.0000
 2776.0000
 14495.0000
 920.0000
B
 270.0000
 3320.0000
 2776.0000
 14495.0000
 920.0000
B
 270.0000
 3336.0000
 2776.0000
 14495.0000
 920.0000
B
 270.0000
 3352.0000
 2776.0000
 14495.0000
 920.0000
B
 270.0000
 3368.0000
 2776.0000
 14495.0000
 920.0000
B
 270.0000
 3384.0000
 2776.0000
 14495.0000
 920.0000
B
 270.0000
 3400.0000
 2776.0000
 14495.0000
 920.0000
B
 270.0000
 3416.0000
 2776.0000
 14495.0000
 920.0000
B
 270.0000
 3432.0000
 2776.0000
 14495.0000
 892.0000
B
 270.0000
 3448.0000
 2776.0000
 14495.0000
 836.0000
B
 270.0000
 3448.0000
 2760.0000
 14525.0000
 864.0000
B
 270.0000
 3448.0000
 2744.0000
 14555.0000
 808.0000
B
 270.0000
 3448.0000
 2712.0000
 14615.0000
 780.0000
B
 270.0000
 3448.0000
 2728.0000
 14585.0000
 752.0000
B
 270.0000
 3448.0000
 2696.0000
 14645.0000
 724.0000
B
 270.0000
 3448.0000
 2680.0000
 14675.0000
 696.0000
B
 270.0000
 3448.0000
 2664.0000
 14705.0000
 668.0000
B
 270.0000
 3448.0000
 2648.0000
 14735.0000
 640.0000
B
 270.0000
 3448.0000
 2632.0000
 14765.0000
 612.0000
B
 270.0000
 3448.0000
 2616.0000
 14795.0000
 584.0000
B
 270.0000
 3448.0000
 2600.0000
 14825.0000
 556.0000
B
 270.0000
 3448.0000
 2584.0000
 14855.0000
 528.0000
R
 180.0000
 3608.0000
 2664.0000
 14720.0000
 80.0000
B
 180.0000
 3640.0000
 2696.0000
 14645.0000
 80.0000
B
 180.0000
 3656.0000
 2696.0000
 14645.0000
 52.0000
B
 180.0000
 3656.0000
 2680.0000
 14675.0000
 52.0000
B
 180.0000
 3656.0000
 2664.0000
 14705.0000
 52.0000
B
 180.0000
 3656.0000
 2648.0000
 14735.0000
 52.0000
B
 180.0000
 3656.0000
 2632.0000
 14765.0000
 52.0000
B
 180.0000
 3656.0000
 2616.0000
 14795.0000
 52.0000
B
 180.0000
 3656.0000
 2600.0000
 14825.0000
 52.0000
B
 180.0000
 3656.0000
 2584.0000
 14855.0000
 52.0000
B
 180.0000
 3656.0000
 2568.0000
 14885.0000
 52.0000
B
 180.0000
 3656.0000
 2552.0000
 14915.0000
 52.0000
B
 180.0000
 3656.0000
 2536.0000
 14945.0000
 52.0000
B
 180.0000
 3656.0000
 2520.0000
 14975.0000
 52.0000
B
 180.0000
 3640.0000
 2520.0000
 14975.0000
 80.0000
Layer
F
 0.0000
 3160.0000
 2520.0000
 14990.0000
 920.0000
F
 0.0000
 3160.0000
 2552.0000
 14930.0000
 920.0000
F
 0.0000
 3160.0000
 2584.0000
 14870.0000
 920.0000
F
 0.0000
 3160.0000
 2616.0000
 14810.0000
 920.0000
F
 0.0000
 3160.0000
 2648.0000
 14750.0000
 920.0000
F
 0.0000
 3160.0000
 2680.0000
 14690.0000
 920.0000
F
 0.0000
 3160.0000
 2712.0000
 14630.0000
 920.0000
F
 0.0000
 3160.0000
 2744.0000
 14570.0000
 920.0000
F
 0.0000
 3192.0000
 2744.0000
 14570.0000
 864.0000
F
 0.0000
 3192.0000
 2712.0000
 14630.0000
 864.0000
F
 0.0000
 3192.0000
 2680.0000
 14690.0000
 864.0000
F
 0.0000
 3192.0000
 2648.0000
 14750.0000
 864.0000
F
 0.0000
 3192.0000
 2616.0000
 14810.0000
 864.0000
F
 0.0000
 3192.0000
 2584.0000
 14870.0000
 864.0000
F
 0.0000
 3192.0000
 2552.0000
 14930.0000
 864.0000
F
 0.0000
 3192.0000
 2520.0000
 14990.0000
 864.0000
F
 0.0000
 3224.0000
 2520.0000
 14990.0000
 808.0000
F
 0.0000
 3224.0000
 2552.0000
 14930.0000
 808.0000
F
 0.0000
 3224.0000
 2584.0000
 14870.0000
 808.0000
F
 0.0000
 3224.0000
 2616.0000
 14810.0000
 808.0000
F
 0.0000
 3224.0000
 2648.0000
 14750.0000
 808.0000
F
 0.0000
 3224.0000
 2680.0000
 14690.0000
 808.0000
F
 0.0000
 3224.0000
 2712.0000
 14630.0000
 808.0000
F
 0.0000
 3224.0000
 2744.0000
 14570.0000
 808.0000
F
 0.0000
 3256.0000
 2520.0000
 14990.0000
 752.0000
F
 0.0000
 3256.0000
 2552.0000
 14930.0000
 752.0000
F
 0.0000
 3256.0000
 2584.0000
 14870.0000
 752.0000
F
 0.0000
 3256.0000
 2616.0000
 14810.0000
 752.0000
F
 0.0000
 3256.0000
 2648.0000
 14750.0000
 752.0000
F
 0.0000
 3256.0000
 2680.0000
 14690.0000
 752.0000
F
 0.0000
 3256.0000
 2712.0000
 14630.0000
 752.0000
F
 0.0000
 3256.0000
 2744.0000
 14570.0000
 752.0000
F
 0.0000
 3288.0000
 2520.0000
 14990.0000
 696.0000
F
 0.0000
 3288.0000
 2552.0000
 14930.0000
 696.0000
F
 0.0000
 3288.0000
 2584.0000
 14870.0000
 696.0000
F
 0.0000
 3288.0000
 2616.0000
 14810.0000
 696.0000
F
 0.0000
 3288.0000
 2648.0000
 14750.0000
 696.0000
F
 0.0000
 3288.0000
 2680.0000
 14690.0000
 696.0000
F
 0.0000
 3288.0000
 2712.0000
 14630.0000
 696.0000
F
 0.0000
 3288.0000
 2744.0000
 14570.0000
 696.0000
F
 0.0000
 3320.0000
 2744.0000
 14570.0000
 640.0000
F
 0.0000
 3320.0000
 2712.0000
 14630.0000
 640.0000
F
 0.0000
 3320.0000
 2680.0000
 14690.0000
 640.0000
F
 0.0000
 3320.0000
 2648.0000
 14750.0000
 640.0000
F
 0.0000
 3320.0000
 2616.0000
 14810.0000
 640.0000
F
 0.0000
 3320.0000
 2584.0000
 14870.0000
 640.0000
F
 0.0000
 3320.0000
 2552.0000
 14930.0000
 640.0000
F
 0.0000
 3320.0000
 2520.0000
 14990.0000
 640.0000
F
 0.0000
 3352.0000
 2520.0000
 14990.0000
 584.0000
F
 0.0000
 3352.0000
 2552.0000
 14930.0000
 584.0000
F
 0.0000
 3352.0000
 2584.0000
 14870.0000
 584.0000
F
 0.0000
 3352.0000
 2616.0000
 14810.0000
 584.0000
F
 0.0000
 3352.0000
 2648.0000
 14750.0000
 584.0000
F
 0.0000
 3352.0000
 2680.0000
 14690.0000
 584.0000
F
 0.0000
 3352.0000
 2712.0000
 14630.0000
 584.0000
F
 0.0000
 3352.0000
 2744.0000
 14570.0000
 584.0000
F
 0.0000
 3384.0000
 2520.0000
 14990.0000
 528.0000
F
 0.0000
 3384.0000
 2552.0000
 14930.0000
 528.0000
F
 0.0000
 3384.0000
 2584.0000
 14870.0000
 528.0000
F
 0.0000
 3384.0000
 2616.0000
 14810.0000
 528.0000
F
 0.0000
 3384.0000
 2648.0000
 14750.0000
 528.0000
F
 0.0000
 3384.0000
 2680.0000
 14690.0000
 528.0000
F
 0.0000
 3384.0000
 2712.0000
 14630.0000
 528.0000
F
 0.0000
 3384.0000
 2744.0000
 14570.0000
 528.0000
F
 0.0000
 3416.0000
 2520.0000
 14990.0000
 472.0000
F
 0.0000
 3416.0000
 2552.0000
 14930.0000
 472.0000
F
 0.0000
 3416.0000
 2584.0000
 14870.0000
 472.0000
F
 0.0000
 3416.0000
 2616.0000
 14810.0000
 472.0000
F
 0.0000
 3416.0000
 2648.0000
 14750.0000
 472.0000
F
 0.0000
 3416.0000
 2680.0000
 14690.0000
 472.0000
F
 0.0000
 3416.0000
 2712.0000
 14630.0000
 472.0000
F
 0.0000
 3416.0000
 2744.0000
 14570.0000
 472.0000
F
 0.0000
 3448.0000
 2520.0000
 14990.0000
 416.0000
F
 0.0000
 3448.0000
 2552.0000
 14930.0000
 416.0000
F
 0.0000
 3448.0000
 2584.0000
 14870.0000
 416.0000
F
 0.0000
 3448.0000
 2616.0000
 14810.0000
 416.0000
F
 0.0000
 3448.0000
 2648.0000
 14750.0000
 416.0000
F
 0.0000
 3480.0000
 2520.0000
 14990.0000
 360.0000
F
 0.0000
 3480.0000
 2552.0000
 14930.0000
 360.0000
F
 0.0000
 3480.0000
 2584.0000
 14870.0000
 360.0000
F
 0.0000
 3480.0000
 2616.0000
 14810.0000
 360.0000
F
 0.0000
 3480.0000
 2648.0000
 14750.0000
 360.0000
F
 0.0000
 3512.0000
 2520.0000
 14990.0000
 304.0000
F
 0.0000
 3512.0000
 2552.0000
 14930.0000
 304.0000
F
 0.0000
 3512.0000
 2584.0000
 14870.0000
 304.0000
F
 0.0000
 3512.0000
 2616.0000
 14810.0000
 304.0000
F
 0.0000
 3512.0000
 2648.0000
 14750.0000
 304.0000
F
 0.0000
 3544.0000
 2520.0000
 14990.0000
 248.0000
F
 0.0000
 3544.0000
 2552.0000
 14930.0000
 248.0000
F
 0.0000
 3544.0000
 2584.0000
 14870.0000
 248.0000
F
 0.0000
 3544.0000
 2616.0000
 14810.0000
 248.0000
F
 0.0000
 3544.0000
 2648.0000
 14750.0000
 248.0000
F
 0.0000
 3544.0000
 2680.0000
 14690.0000
 248.0000
F
 0.0000
 3576.0000
 2520.0000
 14990.0000
 192.0000
F
 0.0000
 3576.0000
 2552.0000
 14930.0000
 192.0000
F
 0.0000
 3576.0000
 2584.0000
 14870.0000
 192.0000
F
 0.0000
 3576.0000
 2616.0000
 14810.0000
 192.0000
F
 0.0000
 3576.0000
 2648.0000
 14750.0000
 192.0000
F
 0.0000
 3576.0000
 2680.0000
 14690.0000
 192.0000
F
 0.0000
 3608.0000
 2520.0000
 14990.0000
 136.0000
F
 0.0000
 3640.0000
 2520.0000
 14990.0000
 80.0000
F
 0.0000
 3640.0000
 2552.0000
 14930.0000
 80.0000
F
 0.0000
 3640.0000
 2584.0000
 14870.0000
 80.0000
F
 0.0000
 3640.0000
 2616.0000
 14810.0000
 80.0000
F
 0.0000
 3640.0000
 2648.0000
 14750.0000
 80.0000
F
 0.0000
 3640.0000
 2680.0000
 14690.0000
 80.0000
F
 0.0000
 3608.0000
 2696.0000
 14660.0000
 136.0000
F
 0.0000
 3448.0000
 2680.0000
 14690.0000
 416.0000
F
 0.0000
 3480.0000
 2680.0000
 14690.0000
 360.0000
F
 0.0000
 3512.0000
 2680.0000
 14690.0000
 304.0000
F
 0.0000
 3448.0000
 2712.0000
 14630.0000
 416.0000
F
 0.0000
 3480.0000
 2712.0000
 14630.0000
 360.0000
F
 0.0000
 3512.0000
 2712.0000
 14630.0000
 304.0000
F
 0.0000
 3544.0000
 2712.0000
 14630.0000
 248.0000
F
 0.0000
 3576.0000
 2712.0000
 14630.0000
 192.0000
F
 0.0000
 3640.0000
 2712.0000
 14630.0000
 80.0000
F
 0.0000
 3448.0000
 2744.0000
 14570.0000
 416.0000
F
 0.0000
 3480.0000
 2744.0000
 14570.0000
 360.0000
F
 0.0000
 3512.0000
 2744.0000
 14570.0000
 304.0000
F
 0.0000
 3544.0000
 2744.0000
 14570.0000
 248.0000
F
 0.0000
 3576.0000
 2744.0000
 14570.0000
 192.0000
F
 0.0000
 3608.0000
 2728.0000
 14600.0000
 136.0000
F
 0.0000
 3640.0000
 2744.0000
 14570.0000
 80.0000
F
 0.0000
 3608.0000
 2760.0000
 14540.0000
 136.0000
F
 0.0000
 3640.0000
 2776.0000
 14510.0000
 80.0000
F
 0.0000
 3640.0000
 2808.0000
 14450.0000
 80.0000
F
 0.0000
 3608.0000
 2792.0000
 14480.0000
 136.0000
F
 0.0000
 3576.0000
 2776.0000
 14510.0000
 192.0000
F
 0.0000
 3544.0000
 2776.0000
 14510.0000
 248.0000
F
 0.0000
 3512.0000
 2776.0000
 14510.0000
 304.0000
F
 0.0000
 3480.0000
 2776.0000
 14510.0000
 360.0000
F
 0.0000
 3448.0000
 2776.0000
 14510.0000
 416.0000
Layer
B
 0.0000
 3624.0000
 2808.0000
 14435.0000
 80.0000
B
 0.0000
 3608.0000
 2808.0000
 14435.0000
 52.0000
B
 0.0000
 3592.0000
 2792.0000
 14465.0000
 108.0000
B
 0.0000
 3576.0000
 2792.0000
 14465.0000
 136.0000
B
 0.0000
 3544.0000
 2792.0000
 14465.0000
 164.0000
B
 0.0000
 3560.0000
 2792.0000
 14465.0000
 192.0000
B
 0.0000
 3528.0000
 2792.0000
 14465.0000
 248.0000
B
 0.0000
 3512.0000
 2792.0000
 14465.0000
 220.0000
B
 0.0000
 3496.0000
 2792.0000
 14465.0000
 276.0000
B
 0.0000
 3480.0000
 2792.0000
 14465.0000
 304.0000
B
 0.0000
 3464.0000
 2792.0000
 14465.0000
 332.0000
B
 0.0000
 3448.0000
 2792.0000
 14465.0000
 360.0000
B
 0.0000
 3448.0000
 2776.0000
 14495.0000
 388.0000
B
 0.0000
 3448.0000
 2760.0000
 14525.0000
 416.0000
B
 0.0000
 3448.0000
 2744.0000
 14555.0000
 416.0000
B
 0.0000
 3448.0000
 2728.0000
 14585.0000
 416.0000
B
 0.0000
 3448.0000
 2712.0000
 14615.0000
 416.0000
B
 0.0000
 3448.0000
 2696.0000
 14645.0000
 416.0000
B
 0.0000
 3448.0000
 2680.0000
 14675.0000
 416.0000
B
 0.0000
 3448.0000
 2664.0000
 14705.0000
 416.0000
B
 0.0000
 3448.0000
 2600.0000
 14825.0000
 416.0000
B
 0.0000
 3448.0000
 2584.0000
 14855.0000
 416.0000
B
 0.0000
 3448.0000
 2568.0000
 14885.0000
 416.0000
B
 0.0000
 3448.0000
 2552.0000
 14915.0000
 416.0000
B
 0.0000
 3448.0000
 2536.0000
 14945.0000
 416.0000
B
 0.0000
 3448.0000
 2520.0000
 14975.0000
 416.0000
B
 0.0000
 3464.0000
 2520.0000
 14975.0000
 416.0000
B
 0.0000
 3480.0000
 2520.0000
 14975.0000
 416.0000
B
 0.0000
 3496.0000
 2520.0000
 14975.0000
 388.0000
B
 0.0000
 3512.0000
 2520.0000
 14975.0000
 360.0000
B
 0.0000
 3528.0000
 2520.0000
 14975.0000
 332.0000
B
 0.0000
 3544.0000
 2520.0000
 14975.0000
 304.0000
B
 0.0000
 3560.0000
 2520.0000
 14975.0000
 276.0000
B
 0.0000
 3576.0000
 2520.0000
 14975.0000
 248.0000
B
 0.0000
 3592.0000
 2520.0000
 14975.0000
 220.0000
B
 0.0000
 3592.0000
 2536.0000
 14945.0000
 192.0000
B
 0.0000
 3592.0000
 2552.0000
 14915.0000
 164.0000
B
 0.0000
 3592.0000
 2568.0000
 14885.0000
 164.0000
B
 0.0000
 3592.0000
 2584.0000
 14855.0000
 164.0000
B
 0.0000
 3592.0000
 2600.0000
 14825.0000
 164.0000
B
 0.0000
 3592.0000
 2616.0000
 14795.0000
 164.0000
B
 0.0000
 3592.0000
 2632.0000
 14765.0000
 164.0000
B
 0.0000
 3592.0000
 2648.0000
 14735.0000
 164.0000
B
 0.0000
 3592.0000
 2664.0000
 14705.0000
 164.0000
B
 0.0000
 3592.0000
 2680.0000
 14675.0000
 164.0000
B
 0.0000
 3640.0000
 2680.0000
 14675.0000
 164.0000
B
 0.0000
 3640.0000
 2664.0000
 14705.0000
 164.0000
B
 0.0000
 3640.0000
 2648.0000
 14735.0000
 80.0000
B
 0.0000
 3640.0000
 2616.0000
 14795.0000
 80.0000
B
 0.0000
 3640.0000
 2632.0000
 14765.0000
 80.0000
B
 0.0000
 3640.0000
 2600.0000
 14825.0000
 80.0000
B
 0.0000
 3640.0000
 2584.0000
 14855.0000
 80.0000
B
 0.0000
 3640.0000
 2568.0000
 14885.0000
 80.0000
B
 0.0000
 3640.0000
 2552.0000
 14915.0000
 80.0000
B
 0.0000
 3640.0000
 2536.0000
 14945.0000
 80.0000
B
 0.0000
 3624.0000
 2536.0000
 14945.0000
 80.0000
B
 0.0000
 3608.0000
 2536.0000
 14945.0000
 80.0000
B
 0.0000
 3656.0000
 2680.0000
 14675.0000
 108.0000
B
 0.0000
 3656.0000
 2664.0000
 14705.0000
 136.0000
B
 0.0000
 3656.0000
 2648.0000
 14735.0000
 52.0000
B
 0.0000
 3656.0000
 2632.0000
 14765.0000
 52.0000
B
 0.0000
 3656.0000
 2616.0000
 14795.0000
 52.0000
B
 0.0000
 3656.0000
 2600.0000
 14825.0000
 52.0000
B
 0.0000
 3656.0000
 2584.0000
 14855.0000
 52.0000
B
 0.0000
 3656.0000
 2568.0000
 14885.0000
 52.0000
B
 0.0000
 3656.0000
 2552.0000
 14915.0000
 52.0000
B
 0.0000
 3656.0000
 2536.0000
 14945.0000
 52.0000
B
 0.0000
 3656.0000
 2520.0000
 14975.0000
 52.0000
B
 0.0000
 3640.0000
 2520.0000
 14975.0000
 52.0000
B
 0.0000
 3624.0000
 2520.0000
 14975.0000
 52.0000
B
 0.0000
 3608.0000
 2520.0000
 14975.0000
 80.0000
B
 0.0000
 3432.0000
 2760.0000
 14525.0000
 108.0000
B
 0.0000
 3416.0000
 2760.0000
 14525.0000
 136.0000
B
 0.0000
 3400.0000
 2760.0000
 14525.0000
 444.0000
B
 0.0000
 3384.0000
 2760.0000
 14525.0000
 472.0000
B
 0.0000
 3368.0000
 2760.0000
 14525.0000
 500.0000
B
 0.0000
 3352.0000
 2760.0000
 14525.0000
 528.0000
B
 0.0000
 3336.0000
 2760.0000
 14525.0000
 556.0000
B
 0.0000
 3320.0000
 2760.0000
 14525.0000
 584.0000
B
 0.0000
 3304.0000
 2760.0000
 14525.0000
 612.0000
B
 0.0000
 3288.0000
 2760.0000
 14525.0000
 640.0000
B
 0.0000
 3272.0000
 2760.0000
 14525.0000
 668.0000
B
 0.0000
 3256.0000
 2760.0000
 14525.0000
 696.0000
B
 0.0000
 3240.0000
 2760.0000
 14525.0000
 724.0000
B
 0.0000
 3224.0000
 2760.0000
 14525.0000
 752.0000
B
 0.0000
 3208.0000
 2760.0000
 14525.0000
 780.0000
B
 0.0000
 3192.0000
 2760.0000
 14525.0000
 808.0000
B
 0.0000
 3176.0000
 2760.0000
 14525.0000
 836.0000
B
 0.0000
 3160.0000
 2760.0000
 14525.0000
 864.0000
B
 0.0000
 3160.0000
 2744.0000
 14555.0000
 892.0000
B
 0.0000
 3160.0000
 2728.0000
 14585.0000
 920.0000
B
 0.0000
 3160.0000
 2712.0000
 14615.0000
 920.0000
B
 0.0000
 3160.0000
 2696.0000
 14645.0000
 920.0000
B
 0.0000
 3160.0000
 2680.0000
 14675.0000
 920.0000
B
 0.0000
 3160.0000
 2664.0000
 14705.0000
 920.0000
B
 0.0000
 3160.0000
 2648.0000
 14735.0000
 920.0000
B
 0.0000
 3160.0000
 2632.0000
 14765.0000
 920.0000
B
 0.0000
 3160.0000
 2616.0000
 14795.0000
 920.0000
B
 0.0000
 3160.0000
 2600.0000
 14825.0000
 920.0000
B
 0.0000
 3160.0000
 2584.0000
 14855.0000
 920.0000
B
 0.0000
 3160.0000
 2568.0000
 14885.0000
 920.0000
B
 0.0000
 3160.0000
 2552.0000
 14915.0000
 920.0000
B
 0.0000
 3160.0000
 2536.0000
 14945.0000
 920.0000
B
 0.0000
 3160.0000
 2520.0000
 14975.0000
 920.0000
B
 0.0000
 3176.0000
 2520.0000
 14975.0000
 920.0000
B
 0.0000
 3192.0000
 2520.0000
 14975.0000
 920.0000
B
 0.0000
 3208.0000
 2520.0000
 14975.0000
 892.0000
B
 0.0000
 3224.0000
 2520.0000
 14975.0000
 864.0000
B
 0.0000
 3240.0000
 2520.0000
 14975.0000
 836.0000
B
 0.0000
 3256.0000
 2520.0000
 14975.0000
 808.0000
B
 0.0000
 3272.0000
 2520.0000
 14975.0000
 780.0000
B
 0.0000
 3288.0000
 2520.0000
 14975.0000
 752.0000
B
 0.0000
 3304.0000
 2520.0000
 14975.0000
 724.0000
B
 0.0000
 3320.0000
 2520.0000
 14975.0000
 696.0000
B
 0.0000
 3336.0000
 2520.0000
 14975.0000
 668.0000
B
 0.0000
 3352.0000
 2520.0000
 14975.0000
 640.0000
B
 0.0000
 3368.0000
 2520.0000
 14975.0000
 612.0000
B
 0.0000
 3384.0000
 2520.0000
 14975.0000
 584.0000
B
 0.0000
 3400.0000
 2520.0000
 14975.0000
 556.0000
B
 0.0000
 3416.0000
 2520.0000
 14975.0000
 528.0000
B
 0.0000
 3432.0000
 2520.0000
 14975.0000
 500.0000
B
 0.0000
 3640.0000
 2808.0000
 14435.0000
 80.0000
B
 0.0000
 3656.0000
 2808.0000
 14435.0000
 52.0000
B
 0.0000
 3656.0000
 2792.0000
 14465.0000
 52.0000
B
 0.0000
 3656.0000
 2776.0000
 14495.0000
 52.0000
B
 0.0000
 3656.0000
 2760.0000
 14525.0000
 52.0000
B
 0.0000
 3656.0000
 2744.0000
 14555.0000
 52.0000
B
 0.0000
 3656.0000
 2728.0000
 14585.0000
 52.0000
B
 0.0000
 3656.0000
 2712.0000
 14615.0000
 52.0000
B
 0.0000
 3656.0000
 2696.0000
 14645.0000
 52.0000
B
 0.0000
 3640.0000
 2824.0000
 14405.0000
 80.0000
B
 0.0000
 3656.0000
 2824.0000
 14405.0000
 52.0000
Layer
Layer
Layer
Layer
