Layer
B
 0.0000
 3512.0000
 2504.0000
 15005.0000
 304.0000
B
 0.0000
 3512.0000
 2520.0000
 14975.0000
 276.0000
B
 0.0000
 3512.0000
 2536.0000
 14945.0000
 248.0000
B
 0.0000
 3512.0000
 2552.0000
 14915.0000
 220.0000
B
 0.0000
 3512.0000
 2568.0000
 14885.0000
 192.0000
B
 0.0000
 3512.0000
 2584.0000
 14855.0000
 164.0000
B
 0.0000
 3512.0000
 2600.0000
 14825.0000
 136.0000
B
 0.0000
 3512.0000
 2664.0000
 14705.0000
 136.0000
B
 0.0000
 3528.0000
 2680.0000
 14675.0000
 136.0000
B
 0.0000
 3544.0000
 2696.0000
 14645.0000
 136.0000
B
 0.0000
 3560.0000
 2712.0000
 14615.0000
 136.0000
B
 0.0000
 3576.0000
 2712.0000
 14615.0000
 136.0000
B
 0.0000
 3592.0000
 2712.0000
 14615.0000
 304.0000
B
 0.0000
 3608.0000
 2712.0000
 14615.0000
 304.0000
R
 0.0000
 3576.0000
 2536.0000
 14960.0000
 304.0000
B
 0.0000
 3624.0000
 2712.0000
 14615.0000
 304.0000
B
 0.0000
 3624.0000
 2696.0000
 14645.0000
 304.0000
B
 0.0000
 3624.0000
 2680.0000
 14675.0000
 192.0000
B
 0.0000
 3624.0000
 2664.0000
 14705.0000
 304.0000
B
 0.0000
 3624.0000
 2648.0000
 14735.0000
 304.0000
B
 0.0000
 3624.0000
 2632.0000
 14765.0000
 304.0000
B
 0.0000
 3624.0000
 2616.0000
 14795.0000
 304.0000
B
 0.0000
 3624.0000
 2600.0000
 14825.0000
 108.0000
B
 0.0000
 3624.0000
 2584.0000
 14855.0000
 108.0000
B
 0.0000
 3624.0000
 2568.0000
 14885.0000
 108.0000
B
 0.0000
 3624.0000
 2552.0000
 14915.0000
 108.0000
B
 0.0000
 3624.0000
 2536.0000
 14945.0000
 108.0000
B
 0.0000
 3624.0000
 2520.0000
 14975.0000
 108.0000
B
 0.0000
 3624.0000
 2504.0000
 15005.0000
 108.0000
B
 0.0000
 3608.0000
 2504.0000
 15005.0000
 136.0000
B
 0.0000
 3592.0000
 2504.0000
 15005.0000
 164.0000
B
 0.0000
 3576.0000
 2504.0000
 15005.0000
 192.0000
B
 0.0000
 3560.0000
 2504.0000
 15005.0000
 220.0000
B
 0.0000
 3544.0000
 2504.0000
 15005.0000
 248.0000
B
 0.0000
 3528.0000
 2504.0000
 15005.0000
 276.0000
B
 0.0000
 3512.0000
 2680.0000
 14675.0000
 304.0000
B
 0.0000
 3544.0000
 2712.0000
 14615.0000
 248.0000
Layer
F
 0.0000
 3512.0000
 2664.0000
 14720.0000
 304.0000
F
 0.0000
 3544.0000
 2696.0000
 14660.0000
 304.0000
F
 0.0000
 3576.0000
 2696.0000
 14660.0000
 304.0000
F
 0.0000
 3576.0000
 2664.0000
 14720.0000
 304.0000
F
 0.0000
 3544.0000
 2664.0000
 14720.0000
 304.0000
F
 0.0000
 3608.0000
 2696.0000
 14660.0000
 248.0000
F
 0.0000
 3608.0000
 2664.0000
 14720.0000
 192.0000
F
 0.0000
 3608.0000
 2632.0000
 14780.0000
 192.0000
F
 0.0000
 3608.0000
 2600.0000
 14840.0000
 248.0000
F
 0.0000
 3608.0000
 2568.0000
 14900.0000
 136.0000
F
 0.0000
 3608.0000
 2536.0000
 14960.0000
 136.0000
F
 0.0000
 3608.0000
 2504.0000
 15020.0000
 136.0000
F
 0.0000
 3576.0000
 2504.0000
 15020.0000
 136.0000
F
 0.0000
 3544.0000
 2504.0000
 15020.0000
 136.0000
F
 0.0000
 3512.0000
 2504.0000
 15020.0000
 136.0000
F
 0.0000
 3512.0000
 2536.0000
 14960.0000
 248.0000
F
 0.0000
 3512.0000
 2568.0000
 14900.0000
 304.0000
F
 0.0000
 3544.0000
 2536.0000
 14960.0000
 248.0000
F
 0.0000
 3544.0000
 2568.0000
 14900.0000
 248.0000
F
 0.0000
 3544.0000
 2600.0000
 14840.0000
 248.0000
F
 0.0000
 3544.0000
 2632.0000
 14780.0000
 248.0000
F
 0.0000
 3512.0000
 2600.0000
 14840.0000
 304.0000
F
 0.0000
 3512.0000
 2632.0000
 14780.0000
 304.0000
Layer
Layer
Layer
Layer
Layer
