Layer
R
 0.0000
 3680.0000
 2528.0000
 14945.0000
 -4.0000
B
 0.0000
 3472.0000
 2480.0000
 15050.0000
 374.0000
B
 0.0000
 3456.0000
 2480.0000
 15050.0000
 402.0000
B
 0.0000
 3408.0000
 2480.0000
 15050.0000
 486.0000
B
 0.0000
 3408.0000
 2496.0000
 15020.0000
 486.0000
B
 0.0000
 3408.0000
 2512.0000
 14990.0000
 486.0000
B
 0.0000
 3408.0000
 2528.0000
 14960.0000
 486.0000
B
 0.0000
 3408.0000
 2544.0000
 14930.0000
 486.0000
B
 0.0000
 3408.0000
 2560.0000
 14900.0000
 486.0000
B
 0.0000
 3408.0000
 2576.0000
 14870.0000
 486.0000
B
 0.0000
 3408.0000
 2608.0000
 14810.0000
 486.0000
B
 0.0000
 3408.0000
 2592.0000
 14840.0000
 486.0000
B
 0.0000
 3408.0000
 2624.0000
 14780.0000
 486.0000
B
 0.0000
 3408.0000
 2640.0000
 14750.0000
 486.0000
B
 0.0000
 3424.0000
 2640.0000
 14750.0000
 458.0000
B
 0.0000
 3440.0000
 2640.0000
 14750.0000
 430.0000
B
 0.0000
 3456.0000
 2640.0000
 14750.0000
 402.0000
B
 0.0000
 3472.0000
 2640.0000
 14750.0000
 374.0000
B
 0.0000
 3488.0000
 2640.0000
 14750.0000
 346.0000
B
 0.0000
 3504.0000
 2640.0000
 14750.0000
 318.0000
B
 0.0000
 3520.0000
 2640.0000
 14750.0000
 290.0000
B
 0.0000
 3536.0000
 2640.0000
 14750.0000
 262.0000
B
 0.0000
 3552.0000
 2640.0000
 14750.0000
 234.0000
B
 0.0000
 3568.0000
 2640.0000
 14750.0000
 206.0000
B
 0.0000
 3584.0000
 2640.0000
 14750.0000
 178.0000
B
 0.0000
 3600.0000
 2640.0000
 14750.0000
 150.0000
B
 0.0000
 3616.0000
 2640.0000
 14750.0000
 122.0000
B
 0.0000
 3616.0000
 2624.0000
 14780.0000
 122.0000
B
 0.0000
 3616.0000
 2608.0000
 14810.0000
 122.0000
B
 0.0000
 3616.0000
 2592.0000
 14840.0000
 122.0000
B
 0.0000
 3616.0000
 2576.0000
 14870.0000
 122.0000
B
 0.0000
 3616.0000
 2560.0000
 14900.0000
 122.0000
B
 0.0000
 3616.0000
 2496.0000
 15020.0000
 122.0000
B
 0.0000
 3616.0000
 2480.0000
 15050.0000
 122.0000
B
 0.0000
 3600.0000
 2480.0000
 15050.0000
 150.0000
B
 0.0000
 3552.0000
 2480.0000
 15050.0000
 234.0000
B
 0.0000
 3536.0000
 2480.0000
 15050.0000
 262.0000
B
 0.0000
 3520.0000
 2480.0000
 15050.0000
 290.0000
W
 0.0000
 3568.0000
 2480.0000
 15035.0000
 206.0000
W
 0.0000
 3488.0000
 2480.0000
 15035.0000
 346.0000
B
 0.0000
 3632.0000
 2480.0000
 15050.0000
 94.0000
B
 0.0000
 3648.0000
 2480.0000
 15050.0000
 66.0000
B
 0.0000
 3664.0000
 2480.0000
 15050.0000
 38.0000
B
 0.0000
 3712.0000
 2480.0000
 15050.0000
 -46.0000
B
 0.0000
 3712.0000
 2496.0000
 15020.0000
 -46.0000
B
 0.0000
 3712.0000
 2512.0000
 14990.0000
 -46.0000
B
 0.0000
 3712.0000
 2528.0000
 14960.0000
 -46.0000
B
 0.0000
 3712.0000
 2544.0000
 14930.0000
 -46.0000
B
 0.0000
 3712.0000
 2560.0000
 14900.0000
 -46.0000
B
 0.0000
 3712.0000
 2576.0000
 14870.0000
 -46.0000
B
 0.0000
 3712.0000
 2592.0000
 14840.0000
 -46.0000
B
 0.0000
 3712.0000
 2608.0000
 14810.0000
 -46.0000
B
 0.0000
 3712.0000
 2624.0000
 14780.0000
 -46.0000
B
 0.0000
 3712.0000
 2640.0000
 14750.0000
 -46.0000
S
 0.0000
 3488.0000
 2528.0000
 14960.0000
 346.0000
S
 0.0000
 3504.0000
 2528.0000
 14960.0000
 318.0000
S
 0.0000
 3520.0000
 2528.0000
 14960.0000
 290.0000
S
 0.0000
 3536.0000
 2528.0000
 14960.0000
 262.0000
S
 0.0000
 3536.0000
 2544.0000
 14930.0000
 262.0000
S
 0.0000
 3520.0000
 2544.0000
 14930.0000
 290.0000
S
 0.0000
 3504.0000
 2544.0000
 14930.0000
 318.0000
S
 0.0000
 3488.0000
 2544.0000
 14930.0000
 346.0000
S
 0.0000
 3488.0000
 2560.0000
 14900.0000
 346.0000
S
 0.0000
 3504.0000
 2560.0000
 14900.0000
 318.0000
S
 0.0000
 3520.0000
 2560.0000
 14900.0000
 290.0000
S
 0.0000
 3536.0000
 2560.0000
 14900.0000
 262.0000
S
 0.0000
 3536.0000
 2576.0000
 14870.0000
 262.0000
S
 0.0000
 3520.0000
 2576.0000
 14870.0000
 290.0000
S
 0.0000
 3504.0000
 2576.0000
 14870.0000
 318.0000
S
 0.0000
 3488.0000
 2576.0000
 14870.0000
 346.0000
B
 0.0000
 3680.0000
 2464.0000
 15080.0000
 10.0000
B
 0.0000
 3696.0000
 2464.0000
 15080.0000
 -18.0000
B
 0.0000
 3712.0000
 2656.0000
 14720.0000
 -46.0000
B
 0.0000
 3712.0000
 2672.0000
 14690.0000
 -46.0000
B
 0.0000
 3712.0000
 2688.0000
 14660.0000
 -46.0000
B
 0.0000
 3712.0000
 2704.0000
 14630.0000
 -46.0000
B
 0.0000
 3712.0000
 2720.0000
 14600.0000
 -46.0000
B
 0.0000
 3712.0000
 2736.0000
 14570.0000
 -46.0000
B
 0.0000
 3696.0000
 2736.0000
 14570.0000
 -18.0000
B
 0.0000
 3664.0000
 2736.0000
 14570.0000
 38.0000
B
 0.0000
 3680.0000
 2736.0000
 14570.0000
 10.0000
B
 0.0000
 3616.0000
 2656.0000
 14720.0000
 122.0000
B
 0.0000
 3616.0000
 2672.0000
 14690.0000
 122.0000
B
 0.0000
 3616.0000
 2688.0000
 14660.0000
 122.0000
B
 0.0000
 3616.0000
 2704.0000
 14630.0000
 122.0000
B
 0.0000
 3616.0000
 2720.0000
 14600.0000
 122.0000
B
 0.0000
 3616.0000
 2736.0000
 14570.0000
 122.0000
B
 0.0000
 3632.0000
 2736.0000
 14570.0000
 94.0000
B
 0.0000
 3648.0000
 2736.0000
 14570.0000
 66.0000
R
 270.0000
 3536.0000
 2608.0000
 14795.0000
 248.0000
D
 0.0000
 3424.0000
 2480.0000
 15035.0000
 458.0000
Layer
F
 0.0000
 3408.0000
 2480.0000
 15035.0000
 472.0000
F
 0.0000
 3408.0000
 2512.0000
 14975.0000
 472.0000
F
 0.0000
 3408.0000
 2544.0000
 14915.0000
 472.0000
F
 0.0000
 3408.0000
 2576.0000
 14855.0000
 472.0000
F
 0.0000
 3408.0000
 2608.0000
 14795.0000
 472.0000
F
 0.0000
 3440.0000
 2608.0000
 14795.0000
 416.0000
F
 0.0000
 3440.0000
 2576.0000
 14855.0000
 416.0000
F
 0.0000
 3440.0000
 2544.0000
 14915.0000
 416.0000
F
 0.0000
 3440.0000
 2512.0000
 14975.0000
 416.0000
F
 0.0000
 3440.0000
 2480.0000
 15035.0000
 416.0000
F
 0.0000
 3472.0000
 2480.0000
 15035.0000
 360.0000
F
 0.0000
 3472.0000
 2512.0000
 14975.0000
 360.0000
F
 0.0000
 3472.0000
 2544.0000
 14915.0000
 360.0000
F
 0.0000
 3472.0000
 2576.0000
 14855.0000
 360.0000
F
 0.0000
 3504.0000
 2576.0000
 14855.0000
 304.0000
F
 0.0000
 3504.0000
 2544.0000
 14915.0000
 304.0000
F
 0.0000
 3504.0000
 2512.0000
 14975.0000
 304.0000
F
 0.0000
 3504.0000
 2480.0000
 15035.0000
 304.0000
F
 0.0000
 3536.0000
 2480.0000
 15035.0000
 248.0000
F
 0.0000
 3536.0000
 2512.0000
 14975.0000
 248.0000
F
 0.0000
 3536.0000
 2544.0000
 14915.0000
 248.0000
F
 0.0000
 3536.0000
 2576.0000
 14855.0000
 248.0000
F
 0.0000
 3568.0000
 2576.0000
 14855.0000
 192.0000
F
 0.0000
 3568.0000
 2544.0000
 14915.0000
 192.0000
F
 0.0000
 3568.0000
 2512.0000
 14975.0000
 192.0000
F
 0.0000
 3568.0000
 2480.0000
 15035.0000
 192.0000
F
 0.0000
 3600.0000
 2480.0000
 15035.0000
 136.0000
F
 0.0000
 3600.0000
 2512.0000
 14975.0000
 136.0000
F
 0.0000
 3600.0000
 2544.0000
 14915.0000
 136.0000
F
 0.0000
 3600.0000
 2576.0000
 14855.0000
 136.0000
F
 0.0000
 3632.0000
 2608.0000
 14795.0000
 80.0000
F
 0.0000
 3632.0000
 2576.0000
 14855.0000
 80.0000
F
 0.0000
 3632.0000
 2544.0000
 14915.0000
 80.0000
F
 0.0000
 3632.0000
 2512.0000
 14975.0000
 80.0000
F
 0.0000
 3632.0000
 2480.0000
 15035.0000
 80.0000
F
 0.0000
 3664.0000
 2608.0000
 14795.0000
 24.0000
F
 0.0000
 3696.0000
 2608.0000
 14795.0000
 -32.0000
H
 0.0000
 3408.0000
 2640.0000
 14735.0000
 486.0000
H
 0.0000
 3440.0000
 2640.0000
 14735.0000
 430.0000
H
 0.0000
 3472.0000
 2640.0000
 14735.0000
 374.0000
H
 0.0000
 3504.0000
 2640.0000
 14735.0000
 318.0000
H
 0.0000
 3536.0000
 2640.0000
 14735.0000
 262.0000
H
 0.0000
 3568.0000
 2640.0000
 14735.0000
 206.0000
H
 0.0000
 3600.0000
 2640.0000
 14735.0000
 150.0000
H
 0.0000
 3632.0000
 2640.0000
 14735.0000
 94.0000
H
 0.0000
 3664.0000
 2640.0000
 14735.0000
 38.0000
H
 0.0000
 3696.0000
 2640.0000
 14735.0000
 -18.0000
H
 270.0000
 3664.0000
 2480.0000
 15050.0000
 24.0000
H
 270.0000
 3664.0000
 2512.0000
 14990.0000
 24.0000
H
 270.0000
 3664.0000
 2544.0000
 14930.0000
 24.0000
H
 270.0000
 3664.0000
 2576.0000
 14870.0000
 24.0000
H
 270.0000
 3712.0000
 2576.0000
 14870.0000
 -60.0000
H
 270.0000
 3712.0000
 2544.0000
 14930.0000
 -60.0000
H
 270.0000
 3712.0000
 2512.0000
 14990.0000
 -60.0000
H
 270.0000
 3712.0000
 2480.0000
 15050.0000
 -60.0000
F
 270.0000
 3696.0000
 2448.0000
 15095.0000
 -32.0000
F
 270.0000
 3664.0000
 2448.0000
 15095.0000
 24.0000
F
 270.0000
 3632.0000
 2448.0000
 15095.0000
 80.0000
F
 270.0000
 3632.0000
 2416.0000
 15155.0000
 80.0000
F
 270.0000
 3664.0000
 2416.0000
 15155.0000
 24.0000
F
 270.0000
 3696.0000
 2416.0000
 15155.0000
 -32.0000
F
 270.0000
 3600.0000
 2416.0000
 15155.0000
 136.0000
F
 270.0000
 3600.0000
 2448.0000
 15095.0000
 136.0000
H
 270.0000
 3616.0000
 2608.0000
 14810.0000
 108.0000
H
 270.0000
 3472.0000
 2608.0000
 14810.0000
 360.0000
F
 270.0000
 3616.0000
 2656.0000
 14705.0000
 108.0000
F
 270.0000
 3616.0000
 2688.0000
 14645.0000
 108.0000
F
 270.0000
 3616.0000
 2720.0000
 14585.0000
 108.0000
F
 270.0000
 3648.0000
 2720.0000
 14585.0000
 52.0000
F
 270.0000
 3648.0000
 2688.0000
 14645.0000
 52.0000
F
 270.0000
 3648.0000
 2656.0000
 14705.0000
 52.0000
F
 270.0000
 3680.0000
 2656.0000
 14705.0000
 -4.0000
F
 0.0000
 3680.0000
 2688.0000
 14645.0000
 -4.0000
F
 0.0000
 3680.0000
 2720.0000
 14585.0000
 -4.0000
H
 270.0000
 3712.0000
 2656.0000
 14720.0000
 -60.0000
H
 270.0000
 3712.0000
 2688.0000
 14660.0000
 -60.0000
H
 270.0000
 3712.0000
 2720.0000
 14600.0000
 -60.0000
Layer
B
 0.0000
 3632.0000
 2416.0000
 15170.0000
 94.0000
B
 0.0000
 3680.0000
 2416.0000
 15170.0000
 10.0000
B
 0.0000
 3696.0000
 2416.0000
 15170.0000
 -18.0000
B
 0.0000
 3712.0000
 2416.0000
 15170.0000
 -46.0000
B
 0.0000
 3712.0000
 2432.0000
 15140.0000
 -46.0000
B
 0.0000
 3712.0000
 2448.0000
 15110.0000
 -46.0000
B
 0.0000
 3712.0000
 2464.0000
 15080.0000
 -46.0000
B
 0.0000
 3712.0000
 2608.0000
 14810.0000
 -46.0000
B
 0.0000
 3712.0000
 2592.0000
 14840.0000
 -46.0000
B
 0.0000
 3712.0000
 2576.0000
 14870.0000
 -46.0000
B
 0.0000
 3712.0000
 2560.0000
 14900.0000
 -46.0000
B
 0.0000
 3712.0000
 2544.0000
 14930.0000
 -46.0000
B
 0.0000
 3712.0000
 2528.0000
 14960.0000
 -46.0000
B
 0.0000
 3712.0000
 2512.0000
 14990.0000
 -46.0000
B
 0.0000
 3712.0000
 2496.0000
 15020.0000
 -46.0000
B
 0.0000
 3712.0000
 2480.0000
 15050.0000
 -46.0000
B
 0.0000
 3680.0000
 2608.0000
 14810.0000
 10.0000
B
 0.0000
 3696.0000
 2608.0000
 14810.0000
 -18.0000
B
 0.0000
 3664.0000
 2608.0000
 14810.0000
 38.0000
B
 0.0000
 3664.0000
 2592.0000
 14840.0000
 38.0000
B
 0.0000
 3664.0000
 2576.0000
 14870.0000
 38.0000
B
 0.0000
 3664.0000
 2560.0000
 14900.0000
 38.0000
B
 0.0000
 3664.0000
 2544.0000
 14930.0000
 38.0000
B
 0.0000
 3664.0000
 2528.0000
 14960.0000
 38.0000
B
 0.0000
 3664.0000
 2512.0000
 14990.0000
 38.0000
B
 0.0000
 3664.0000
 2496.0000
 15020.0000
 38.0000
B
 0.0000
 3664.0000
 2480.0000
 15050.0000
 38.0000
B
 0.0000
 3616.0000
 2416.0000
 15170.0000
 122.0000
B
 0.0000
 3600.0000
 2416.0000
 15170.0000
 150.0000
B
 0.0000
 3600.0000
 2432.0000
 15140.0000
 150.0000
B
 0.0000
 3600.0000
 2448.0000
 15110.0000
 150.0000
B
 0.0000
 3600.0000
 2464.0000
 15080.0000
 150.0000
B
 0.0000
 3600.0000
 2480.0000
 15050.0000
 150.0000
B
 0.0000
 3584.0000
 2480.0000
 15050.0000
 178.0000
B
 0.0000
 3568.0000
 2480.0000
 15050.0000
 206.0000
B
 0.0000
 3520.0000
 2480.0000
 15050.0000
 290.0000
B
 0.0000
 3504.0000
 2480.0000
 15050.0000
 318.0000
B
 0.0000
 3488.0000
 2480.0000
 15050.0000
 346.0000
B
 0.0000
 3440.0000
 2480.0000
 15050.0000
 430.0000
B
 0.0000
 3424.0000
 2480.0000
 15050.0000
 458.0000
B
 0.0000
 3408.0000
 2480.0000
 15050.0000
 486.0000
B
 0.0000
 3408.0000
 2496.0000
 15020.0000
 486.0000
B
 0.0000
 3408.0000
 2528.0000
 14960.0000
 486.0000
B
 0.0000
 3408.0000
 2512.0000
 14990.0000
 486.0000
B
 0.0000
 3408.0000
 2576.0000
 14870.0000
 486.0000
B
 0.0000
 3408.0000
 2592.0000
 14840.0000
 486.0000
B
 0.0000
 3408.0000
 2608.0000
 14810.0000
 486.0000
B
 0.0000
 3408.0000
 2624.0000
 14780.0000
 486.0000
B
 0.0000
 3408.0000
 2640.0000
 14750.0000
 486.0000
B
 0.0000
 3424.0000
 2640.0000
 14750.0000
 458.0000
B
 0.0000
 3472.0000
 2640.0000
 14750.0000
 374.0000
B
 0.0000
 3488.0000
 2640.0000
 14750.0000
 346.0000
B
 0.0000
 3504.0000
 2640.0000
 14750.0000
 318.0000
B
 0.0000
 3520.0000
 2640.0000
 14750.0000
 290.0000
B
 0.0000
 3536.0000
 2640.0000
 14750.0000
 262.0000
B
 0.0000
 3552.0000
 2640.0000
 14750.0000
 234.0000
B
 0.0000
 3568.0000
 2640.0000
 14750.0000
 206.0000
B
 0.0000
 3584.0000
 2640.0000
 14750.0000
 178.0000
B
 0.0000
 3600.0000
 2640.0000
 14750.0000
 150.0000
W
 0.0000
 3456.0000
 2480.0000
 15035.0000
 402.0000
W
 0.0000
 3536.0000
 2480.0000
 15035.0000
 262.0000
W
 0.0000
 3440.0000
 2640.0000
 14735.0000
 430.0000
B
 0.0000
 3488.0000
 2592.0000
 14840.0000
 346.0000
B
 0.0000
 3504.0000
 2592.0000
 14840.0000
 318.0000
B
 0.0000
 3520.0000
 2592.0000
 14840.0000
 290.0000
B
 0.0000
 3536.0000
 2592.0000
 14840.0000
 262.0000
B
 0.0000
 3552.0000
 2592.0000
 14840.0000
 234.0000
B
 0.0000
 3568.0000
 2592.0000
 14840.0000
 206.0000
B
 0.0000
 3584.0000
 2592.0000
 14840.0000
 178.0000
B
 0.0000
 3600.0000
 2592.0000
 14840.0000
 150.0000
B
 0.0000
 3616.0000
 2592.0000
 14840.0000
 122.0000
B
 0.0000
 3616.0000
 2640.0000
 14750.0000
 122.0000
B
 0.0000
 3472.0000
 2624.0000
 14780.0000
 374.0000
B
 0.0000
 3472.0000
 2608.0000
 14810.0000
 374.0000
B
 0.0000
 3472.0000
 2592.0000
 14840.0000
 374.0000
B
 0.0000
 3616.0000
 2656.0000
 14720.0000
 122.0000
B
 0.0000
 3616.0000
 2672.0000
 14690.0000
 122.0000
B
 0.0000
 3616.0000
 2688.0000
 14660.0000
 122.0000
B
 0.0000
 3616.0000
 2736.0000
 14570.0000
 122.0000
B
 0.0000
 3632.0000
 2736.0000
 14570.0000
 94.0000
B
 0.0000
 3648.0000
 2736.0000
 14570.0000
 66.0000
B
 0.0000
 3664.0000
 2736.0000
 14570.0000
 38.0000
B
 0.0000
 3680.0000
 2736.0000
 14570.0000
 10.0000
B
 0.0000
 3696.0000
 2736.0000
 14570.0000
 -18.0000
B
 0.0000
 3712.0000
 2736.0000
 14570.0000
 -46.0000
B
 0.0000
 3712.0000
 2688.0000
 14660.0000
 -46.0000
B
 0.0000
 3712.0000
 2672.0000
 14690.0000
 -46.0000
B
 0.0000
 3712.0000
 2656.0000
 14720.0000
 -46.0000
B
 0.0000
 3712.0000
 2640.0000
 14750.0000
 -46.0000
B
 0.0000
 3712.0000
 2624.0000
 14780.0000
 -46.0000
W
 270.0000
 3616.0000
 2704.0000
 14630.0000
 108.0000
W
 270.0000
 3712.0000
 2704.0000
 14630.0000
 -60.0000
W
 0.0000
 3648.0000
 2416.0000
 15155.0000
 66.0000
W
 270.0000
 3408.0000
 2544.0000
 14930.0000
 472.0000
Layer
F
 0.0000
 3408.0000
 2480.0000
 15035.0000
 472.0000
F
 0.0000
 3408.0000
 2512.0000
 14975.0000
 472.0000
F
 0.0000
 3408.0000
 2544.0000
 14915.0000
 472.0000
F
 0.0000
 3408.0000
 2576.0000
 14855.0000
 472.0000
F
 0.0000
 3408.0000
 2608.0000
 14795.0000
 472.0000
F
 0.0000
 3440.0000
 2608.0000
 14795.0000
 416.0000
F
 0.0000
 3440.0000
 2576.0000
 14855.0000
 416.0000
F
 0.0000
 3440.0000
 2544.0000
 14915.0000
 416.0000
F
 0.0000
 3440.0000
 2512.0000
 14975.0000
 416.0000
F
 0.0000
 3440.0000
 2480.0000
 15035.0000
 416.0000
F
 0.0000
 3472.0000
 2480.0000
 15035.0000
 360.0000
F
 0.0000
 3472.0000
 2512.0000
 14975.0000
 360.0000
F
 0.0000
 3472.0000
 2544.0000
 14915.0000
 360.0000
F
 0.0000
 3472.0000
 2576.0000
 14855.0000
 360.0000
F
 0.0000
 3472.0000
 2608.0000
 14795.0000
 360.0000
F
 0.0000
 3504.0000
 2608.0000
 14795.0000
 304.0000
F
 0.0000
 3504.0000
 2576.0000
 14855.0000
 304.0000
F
 0.0000
 3504.0000
 2544.0000
 14915.0000
 304.0000
F
 0.0000
 3504.0000
 2512.0000
 14975.0000
 304.0000
F
 0.0000
 3504.0000
 2480.0000
 15035.0000
 304.0000
F
 0.0000
 3536.0000
 2480.0000
 15035.0000
 248.0000
F
 0.0000
 3536.0000
 2512.0000
 14975.0000
 248.0000
F
 0.0000
 3536.0000
 2544.0000
 14915.0000
 248.0000
F
 0.0000
 3536.0000
 2576.0000
 14855.0000
 248.0000
F
 0.0000
 3536.0000
 2608.0000
 14795.0000
 248.0000
F
 0.0000
 3568.0000
 2608.0000
 14795.0000
 192.0000
F
 0.0000
 3568.0000
 2576.0000
 14855.0000
 192.0000
F
 0.0000
 3568.0000
 2544.0000
 14915.0000
 192.0000
F
 0.0000
 3568.0000
 2512.0000
 14975.0000
 192.0000
F
 0.0000
 3568.0000
 2480.0000
 15035.0000
 192.0000
F
 0.0000
 3600.0000
 2416.0000
 15155.0000
 136.0000
F
 0.0000
 3600.0000
 2448.0000
 15095.0000
 136.0000
F
 0.0000
 3600.0000
 2480.0000
 15035.0000
 136.0000
F
 0.0000
 3600.0000
 2512.0000
 14975.0000
 136.0000
F
 0.0000
 3600.0000
 2544.0000
 14915.0000
 136.0000
F
 0.0000
 3600.0000
 2576.0000
 14855.0000
 136.0000
F
 0.0000
 3632.0000
 2576.0000
 14855.0000
 80.0000
F
 0.0000
 3632.0000
 2544.0000
 14915.0000
 80.0000
F
 0.0000
 3632.0000
 2512.0000
 14975.0000
 80.0000
F
 0.0000
 3632.0000
 2480.0000
 15035.0000
 80.0000
F
 0.0000
 3632.0000
 2448.0000
 15095.0000
 80.0000
F
 0.0000
 3632.0000
 2416.0000
 15155.0000
 80.0000
F
 0.0000
 3664.0000
 2416.0000
 15155.0000
 24.0000
F
 0.0000
 3664.0000
 2448.0000
 15095.0000
 24.0000
F
 0.0000
 3664.0000
 2480.0000
 15035.0000
 24.0000
F
 0.0000
 3664.0000
 2512.0000
 14975.0000
 24.0000
F
 0.0000
 3664.0000
 2544.0000
 14915.0000
 24.0000
F
 0.0000
 3664.0000
 2576.0000
 14855.0000
 24.0000
F
 0.0000
 3696.0000
 2576.0000
 14855.0000
 -32.0000
F
 0.0000
 3696.0000
 2544.0000
 14915.0000
 -32.0000
F
 0.0000
 3696.0000
 2512.0000
 14975.0000
 -32.0000
F
 0.0000
 3696.0000
 2480.0000
 15035.0000
 -32.0000
F
 0.0000
 3696.0000
 2448.0000
 15095.0000
 -32.0000
F
 0.0000
 3696.0000
 2416.0000
 15155.0000
 -32.0000
H
 0.0000
 3408.0000
 2640.0000
 14735.0000
 486.0000
H
 0.0000
 3440.0000
 2640.0000
 14735.0000
 430.0000
H
 0.0000
 3472.0000
 2640.0000
 14735.0000
 374.0000
H
 0.0000
 3504.0000
 2640.0000
 14735.0000
 318.0000
H
 0.0000
 3536.0000
 2640.0000
 14735.0000
 262.0000
H
 0.0000
 3568.0000
 2640.0000
 14735.0000
 206.0000
H
 0.0000
 3600.0000
 2640.0000
 14735.0000
 150.0000
F
 0.0000
 3600.0000
 2608.0000
 14795.0000
 136.0000
Layer
Layer
Layer
