Layer
R
 90.0000
 3608.0000
 2536.0000
 14960.0000
 192.0000
R
 270.0000
 3544.0000
 2536.0000
 14960.0000
 192.0000
B
 270.0000
 3736.0000
 2536.0000
 14945.0000
 136.0000
B
 270.0000
 3736.0000
 2552.0000
 14915.0000
 248.0000
B
 270.0000
 3432.0000
 2536.0000
 14945.0000
 192.0000
B
 0.0000
 3432.0000
 2552.0000
 14915.0000
 164.0000
R
 0.0000
 3576.0000
 2568.0000
 14900.0000
 192.0000
R
 90.0000
 3608.0000
 2504.0000
 15020.0000
 136.0000
R
 90.0000
 3608.0000
 2472.0000
 15080.0000
 136.0000
R
 90.0000
 3608.0000
 2440.0000
 15140.0000
 136.0000
R
 90.0000
 3608.0000
 2408.0000
 15200.0000
 136.0000
R
 90.0000
 3608.0000
 2376.0000
 15260.0000
 136.0000
R
 90.0000
 3608.0000
 2344.0000
 15320.0000
 136.0000
R
 90.0000
 3608.0000
 2312.0000
 15380.0000
 136.0000
R
 90.0000
 3608.0000
 2280.0000
 15440.0000
 136.0000
R
 90.0000
 3608.0000
 2248.0000
 15500.0000
 136.0000
R
 90.0000
 3608.0000
 2216.0000
 15560.0000
 136.0000
R
 90.0000
 3608.0000
 2184.0000
 15620.0000
 136.0000
R
 90.0000
 3608.0000
 2152.0000
 15680.0000
 136.0000
R
 90.0000
 3608.0000
 2120.0000
 15740.0000
 136.0000
R
 90.0000
 3608.0000
 2088.0000
 15800.0000
 136.0000
R
 90.0000
 3608.0000
 2056.0000
 15860.0000
 136.0000
R
 90.0000
 3608.0000
 2024.0000
 15920.0000
 136.0000
R
 270.0000
 3544.0000
 2504.0000
 15020.0000
 248.0000
R
 270.0000
 3544.0000
 2472.0000
 15080.0000
 248.0000
R
 270.0000
 3544.0000
 2440.0000
 15140.0000
 248.0000
R
 270.0000
 3544.0000
 2408.0000
 15200.0000
 248.0000
R
 270.0000
 3544.0000
 2376.0000
 15260.0000
 248.0000
R
 270.0000
 3544.0000
 2344.0000
 15320.0000
 248.0000
R
 270.0000
 3544.0000
 2312.0000
 15380.0000
 248.0000
R
 270.0000
 3544.0000
 2280.0000
 15440.0000
 248.0000
R
 270.0000
 3544.0000
 2248.0000
 15500.0000
 248.0000
R
 270.0000
 3544.0000
 2216.0000
 15560.0000
 248.0000
R
 270.0000
 3544.0000
 2184.0000
 15620.0000
 248.0000
R
 270.0000
 3544.0000
 2152.0000
 15680.0000
 248.0000
R
 270.0000
 3544.0000
 2120.0000
 15740.0000
 248.0000
R
 270.0000
 3544.0000
 2088.0000
 15800.0000
 248.0000
R
 270.0000
 3544.0000
 2056.0000
 15860.0000
 248.0000
R
 270.0000
 3544.0000
 2024.0000
 15920.0000
 248.0000
R
 270.0000
 3544.0000
 1992.0000
 15980.0000
 248.0000
R
 270.0000
 3544.0000
 1960.0000
 16040.0000
 248.0000
R
 270.0000
 3544.0000
 1928.0000
 16100.0000
 248.0000
R
 270.0000
 3544.0000
 1896.0000
 16160.0000
 248.0000
R
 90.0000
 3608.0000
 1992.0000
 15980.0000
 136.0000
R
 90.0000
 3608.0000
 1960.0000
 16040.0000
 136.0000
R
 90.0000
 3608.0000
 1928.0000
 16100.0000
 136.0000
R
 90.0000
 3608.0000
 1896.0000
 16160.0000
 136.0000
Layer
Layer
Layer
Layer
Layer
Layer
